90.92 85.60 0
3.09 34.85 1
82.29 36.93 3
97.24 97.54 2
20.24 35.81 0
47.67 36.52 1
44.39 43.02 3
41.30 77.49 1
33.48 45.93 3
10.15 28.35 0
17.29 68.12 3
94.27 89.77 3
26.56 34.22 0
32.18 27.65 2
85.82 78.15 0
34.12 3.72 2
5.72 67.64 3
2.83 48.56 0
50.78 71.53 3
38.73 34.23 0
78.67 27.09 0
10.46 44.09 2
0.59 82.32 2
31.96 80.62 3
88.92 48.14 3
31.11 2.31 0
97.96 46.80 3
48.53 24.41 1
55.98 35.85 2
21.03 27.71 0
7.47 93.61 0
47.53 4.80 3
51.64 89.96 2
1.30 53.82 0
95.31 76.87 1
18.65 58.90 3
58.90 73.92 0
63.33 87.63 0
87.54 20.61 2
60.94 3.23 2
81.84 40.14 0
48.78 12.15 2
37.21 53.42 3
69.53 92.87 0
64.20 76.32 0
77.01 0.79 0
35.92 65.94 1
23.26 16.70 3
70.18 66.98 2
3.06 14.88 3
98.71 33.59 2
22.62 84.99 1
36.44 5.99 1
68.45 88.77 1
67.04 40.00 3
47.76 7.87 2
18.93 47.36 1
87.82 71.42 2
15.40 60.60 0
97.28 14.71 2
78.08 69.28 2
55.32 75.98 3
72.84 10.23 2
30.78 44.11 3
24.52 19.75 1
54.13 87.07 1
4.81 72.71 3
12.45 97.17 2
53.73 69.56 1
37.32 61.27 0
96.81 49.28 2
44.12 21.57 3
89.18 21.74 1
77.38 47.99 3
33.73 77.02 2
11.45 74.77 0
49.59 66.57 0
85.07 52.86 0
71.05 59.56 2
74.85 57.43 1
49.06 79.83 0
24.57 77.42 2
17.98 8.83 2
85.29 63.99 1
2.12 38.38 1
72.98 39.47 3
67.23 82.14 1
39.92 11.72 3
82.47 47.55 0
30.17 28.74 0
68.75 22.17 0
81.24 89.02 2
58.14 77.72 1
20.90 28.69 3
4.32 82.80 0
86.92 15.66 3
88.27 19.07 3
38.71 0.90 2
13.87 61.13 0
99.63 94.79 2
