48.48 94.59 1
30.27 87.46 0
29.54 36.55 2
23.33 87.76 0
8.57 70.71 1
19.76 68.32 3
59.65 85.21 2
63.69 83.17 3
91.42 3.06 2
86.28 91.55 3
87.79 67.40 2
25.27 71.16 2
5.54 5.46 1
9.15 82.36 2
63.01 2.24 2
63.15 32.33 0
81.48 8.71 0
17.65 86.87 1
2.53 90.37 3
62.83 1.30 0
7.96 41.50 3
18.26 12.11 2
88.55 50.69 3
56.09 50.90 1
38.56 30.96 2
4.70 85.88 2
92.50 8.31 0
87.48 12.06 2
63.87 74.63 1
29.68 96.20 2
61.15 89.74 0
32.36 78.01 1
74.43 69.62 1
2.48 68.81 1
6.52 36.94 0
32.69 77.93 1
17.72 99.59 0
1.33 21.37 2
38.98 69.60 0
66.50 93.42 1
0.01 4.75 1
5.71 2.90 3
97.46 78.61 0
33.16 18.55 2
71.58 92.54 3
16.97 81.62 2
4.05 18.53 1
32.56 64.19 3
70.92 21.54 2
3.16 90.12 3
52.37 5.60 1
63.09 80.49 1
45.43 94.45 3
74.82 94.16 2
21.54 82.06 3
66.77 66.81 3
91.14 35.09 3
36.02 73.96 1
35.19 13.73 1
82.95 57.18 2
66.18 58.90 2
74.63 47.63 2
54.10 80.33 1
95.98 0.70 0
20.07 2.29 0
67.41 0.02 3
55.70 87.18 0
71.48 32.69 3
32.60 93.38 2
70.10 71.99 2
91.87 33.08 2
35.95 44.00 1
40.81 47.08 0
74.26 29.14 0
77.02 20.49 2
1.31 12.25 2
75.09 54.52 3
87.30 37.96 2
66.47 2.97 3
76.89 54.07 2
87.19 84.70 0
31.35 19.63 3
33.80 63.79 1
59.28 45.01 1
24.28 0.19 2
10.59 57.40 1
30.43 92.24 2
93.48 25.56 0
15.78 30.95 3
66.28 59.41 3
13.01 41.75 0
14.80 95.77 3
68.44 45.37 2
68.13 86.66 3
58.16 93.29 1
47.18 84.30 3
37.22 42.45 1
8.81 55.70 2
74.24 4.16 2
7.53 88.66 2
