53.08 32.45 1
31.60 87.52 2
38.43 93.92 1
45.23 24.02 3
73.61 94.35 1
70.69 88.06 0
20.90 55.67 1
48.39 8.15 1
82.27 55.68 1
27.28 1.94 1
96.74 53.65 2
15.51 34.98 2
12.07 30.98 3
26.10 35.25 2
4.78 15.78 3
56.44 38.62 1
24.84 10.79 1
71.76 55.45 2
13.01 90.74 0
58.22 11.44 0
3.04 99.32 3
39.62 17.22 3
72.97 20.56 3
71.81 2.78 0
35.54 41.08 2
43.13 10.74 3
15.35 61.36 0
74.89 39.68 2
94.63 54.34 3
84.82 9.28 0
6.31 86.18 2
14.66 5.47 0
43.85 38.54 2
3.43 5.85 1
10.85 22.97 1
44.21 33.45 2
87.15 62.16 0
62.01 67.56 1
60.65 82.22 0
2.84 1.92 0
1.09 23.91 0
48.73 56.12 0
86.08 17.65 2
2.21 24.68 3
73.97 94.75 0
13.22 9.68 3
58.35 84.14 3
11.46 65.42 3
52.59 13.85 1
84.19 28.55 3
97.01 18.95 1
49.31 45.47 1
50.55 24.46 1
82.91 98.48 0
12.53 22.06 1
11.82 68.92 0
40.13 70.86 2
75.45 28.12 3
36.16 89.77 1
56.84 37.75 2
58.14 12.91 2
61.28 39.41 1
66.01 43.79 2
99.86 4.93 3
77.85 74.10 2
71.93 97.76 2
68.88 19.87 3
8.52 92.47 3
21.47 75.72 3
62.87 89.63 0
98.50 48.14 3
69.97 89.71 0
98.80 40.36 2
4.92 46.31 1
85.39 42.94 1
78.22 68.84 0
89.04 9.29 0
57.56 64.36 3
57.78 63.45 2
10.75 91.05 0
76.11 14.85 3
51.53 50.40 3
35.59 80.56 2
69.80 56.72 2
95.50 43.94 2
95.09 24.04 2
98.82 21.78 1
7.08 79.86 0
98.46 61.04 0
30.05 81.44 0
44.54 36.10 0
66.87 45.25 2
50.68 98.01 3
85.29 42.38 2
73.07 44.30 3
59.11 30.63 1
32.03 22.30 0
44.89 36.41 2
15.22 63.44 3
48.81 51.13 1
