34.12 30.39 1
47.81 88.12 2
29.56 93.96 1
48.97 5.77 3
66.86 35.74 0
82.79 96.21 3
27.90 34.30 1
73.00 13.19 1
93.66 59.01 0
36.12 96.52 2
68.48 82.04 1
13.66 99.58 1
91.99 63.26 1
27.46 78.16 0
7.59 8.76 0
71.51 33.76 3
29.46 27.22 2
44.50 55.74 3
50.98 20.64 1
15.97 97.35 0
77.98 14.84 1
85.04 94.33 1
50.39 32.88 1
92.52 83.40 2
50.90 57.99 0
44.56 29.59 3
7.02 71.97 3
64.63 10.69 2
58.40 74.21 1
31.20 65.75 0
28.28 63.85 2
77.74 68.50 1
94.19 7.36 1
66.03 26.28 3
89.10 34.00 0
52.05 61.14 2
15.53 25.95 0
48.03 56.43 0
41.73 59.13 0
72.07 18.76 3
64.66 51.15 1
16.72 59.19 0
25.23 90.82 3
15.98 39.08 3
29.29 90.62 1
29.18 42.72 3
31.43 42.72 3
38.40 84.54 3
25.70 91.30 1
14.98 0.78 1
8.01 12.25 3
37.31 91.91 0
71.54 81.87 1
67.37 65.78 0
8.96 93.58 0
56.92 68.99 2
82.07 86.15 3
42.56 95.66 2
54.13 62.08 2
14.90 60.55 0
52.13 90.06 2
63.06 68.84 3
72.56 93.91 1
37.08 17.74 2
4.81 85.83 0
72.59 24.63 0
33.52 28.18 1
52.28 31.71 1
19.04 48.71 3
15.32 40.61 2
47.70 44.86 1
96.00 7.79 1
90.11 93.31 1
4.99 37.05 2
47.42 78.55 3
90.73 27.21 1
51.66 67.12 2
49.64 17.76 3
11.19 48.47 0
85.06 2.63 3
86.95 65.88 0
53.38 92.32 3
8.56 89.69 3
28.93 81.56 2
20.54 91.90 1
24.26 56.02 0
93.67 74.09 3
76.00 70.10 0
35.45 89.34 1
88.39 95.04 0
89.32 34.08 0
31.61 36.32 2
35.80 8.62 3
66.03 32.26 2
62.40 32.53 2
1.12 84.31 1
69.18 81.57 2
2.77 72.21 1
56.04 49.75 0
78.88 7.46 0
