46.91 38.22 2
48.70 39.07 1
48.20 1.38 2
14.89 61.86 0
20.93 67.21 0
42.13 92.83 3
86.61 32.31 2
29.92 72.86 3
12.86 14.89 0
51.71 77.87 1
52.18 11.20 1
83.00 54.20 0
52.21 8.99 0
36.16 28.59 3
93.91 92.08 0
31.36 76.79 0
36.67 50.60 1
50.83 3.95 1
53.13 14.76 2
81.85 10.76 2
72.25 39.19 1
84.35 15.03 3
0.56 87.17 1
20.88 43.08 3
64.28 70.64 2
39.40 11.05 0
11.39 91.61 3
78.89 67.00 1
46.58 31.05 1
33.39 72.86 2
17.46 97.60 0
92.03 79.23 0
84.74 10.71 2
65.82 41.23 2
23.90 56.15 2
49.61 41.21 0
42.46 49.19 3
40.35 91.80 2
59.04 82.02 1
81.79 44.55 2
71.86 27.18 3
92.99 97.65 2
31.86 50.32 2
55.22 26.82 3
68.05 87.55 0
60.63 93.64 3
32.92 69.60 1
80.12 82.17 1
28.46 9.12 1
64.62 99.34 1
95.54 6.76 2
79.20 26.90 1
59.81 28.70 1
42.37 91.91 0
6.66 77.70 3
24.82 28.69 1
56.81 91.64 3
36.58 38.65 2
14.46 36.77 3
45.46 17.16 2
30.15 51.53 3
15.06 81.24 2
61.92 85.10 0
72.45 34.27 2
22.44 78.23 0
26.09 35.86 3
80.81 50.00 0
43.68 98.49 1
2.41 19.74 2
48.06 10.33 3
43.44 1.44 3
43.96 33.63 3
38.57 39.84 0
37.24 86.55 3
43.13 32.54 0
78.49 81.09 1
17.76 43.71 1
57.69 75.11 0
53.73 50.40 1
94.18 39.91 3
50.69 34.24 0
40.86 68.24 1
10.45 27.59 0
49.99 87.54 2
39.41 86.81 0
94.96 93.14 1
7.51 36.29 2
98.20 34.96 1
43.92 43.51 3
10.13 56.31 1
64.97 52.28 3
20.38 64.12 1
31.11 68.01 0
9.26 21.05 1
32.98 84.59 2
99.53 35.05 0
98.61 20.00 0
45.11 51.96 1
14.47 87.51 2
61.76 63.19 3
